通信,600050,600076,600105,600130,600198,600289,600345,600355,600462,600485,600487,600498,600522,600775,600776,603118,603322,603421,603703,000032,000034,000035,000063,000070,000547,000555,000561,000586,000687,000836,000851,000889,000971,002017,002089,002093,002104,002115,002194,002231,002281,002313,002316,002396,002417,002446,002465,002467,002491,002544,002583,002792,002813,300017,300025,300028,300038,300050,300081,300098,300134,300136,300205,300211,300213,300250,300252,300292,300299,300310,300312,300322,300353,300467,300531,300548,300555,300560,300563,300565
传媒,600037,600088,600136,600158,600229,600373,600386,600551,600576,600633,600637,600652,600661,600715,600757,600804,600825,600831,600880,600892,600936,600959,600977,601098,601595,601801,601811,601900,601928,601929,601999,603000,603258,603598,603729,603888,603999,000038,000156,000503,000504,000607,000665,000673,000681,000719,000793,000802,000835,000892,000917,002027,002071,002095,002131,002143,002148,002174,002175,002181,002238,002261,002292,002315,002343,002354,002400,002445,002502,002517,002555,002619,002624,002640,002712,002739,300027,300043,300052,300058
计算机,600100,600271,600410,600446,600455,600476,600536,600570,600571,600588,600590,600601,600602,600654,600680,600718,600728,600756,600764,600797,600845,600850,600855,601519,603019,603189,603508,603636,603918,000021,000066,000555,000748,000938,000948,000977,000997,002027,002063,002065,002152,002153,002177,002195,002197,002230,002232,002236,002253,002268,002279,002280,002296,002308,002312,002331,002362,002368,002373,002376,002380,002383,002401,002405,002410,002415,002421,002439,002474,002512,002528,002577,002609,002642,002649,002657,002766,002771,002777,300002
国防军工,600038,600072,600118,600150,600184,600316,600343,600372,600391,600435,600562,600677,600685,600760,600862,600879,600893,600990,601890,601989,000738,000768,000801,002013,002023,002151,002190,002297,002608,300008,300101,300123,300424,300456,300474,300527
机械设备,600031,600165,600169,600172,600218,600243,600262,600302,600320,600346,600375,600382,600388,600481,600495,600499,600501,600520,600526,600558,600560,600566,600577,600579,600582,600592,600610,600761,600765,600806,600815,600835,600841,600843,600848,600860,600862,600894,600960,600967,600984,600992,601002,601028,601038,601100,601106,601177,601313,601369,601608,601717,601766,601798,601882,603011,603012,603028,603029,603088,603090,603111,603131,603159,603169,603203,603308,603311,603315,603318,603338,603339,603556,603611,603667,603686,603699,603789,603800,603901
电气设备,600089,600110,600112,600151,600192,600202,600268,600290,600312,600353,600379,600401,600405,600406,600416,600468,600475,600517,600525,600537,600550,600580,600590,600847,600869,600875,600885,600973,601012,601126,601179,601218,601222,601558,601567,601616,601700,601727,601877,601908,603015,603016,603025,603100,603333,603606,603618,603806,603859,603861,603988,000400,000585,000591,000682,000806,000862,000922,000967,002006,002028,002058,002074,002090,002112,002121,002123,002168,002169,002176,002180,002184,002196,002202,002212,002218,002227,002249,002255,002266
建筑装饰,600039,600068,600170,600209,600248,600284,600326,600455,600477,600491,600496,600502,600512,600528,600545,600610,600629,600681,600820,600853,600970,600986,601117,601186,601226,601390,601611,601618,601668,601669,601789,601800,601886,603007,603017,603018,603030,603698,603778,603828,603843,603887,603909,603959,000010,000018,000055,000065,000498,000928,002047,002051,002060,002062,002081,002116,002135,002140,002178,002200,002307,002310,002325,002375,002431,002469,002482,002504,002524,002541,002542,002545,002586,002620,002628,002659,002663,002713,002717,002743
建筑材料,600145,600217,600293,600318,600321,600425,600449,600539,600552,600562,600585,600586,600629,600668,600678,600720,600753,600801,600802,600819,600876,600881,600883,601636,601992,603616,000012,000023,000401,000509,000546,000619,000672,000786,000789,000877,000885,000935,002043,002066,002082,002088,002162,002163,002205,002225,002233,002271,002302,002314,002323,002333,002346,002372,002392,002398,002457,002468,002596,002619,002623,002624,002641,002652,002671,002694,002718,002742,002785,002791,002795,300093,300117,300198,300234,300344,300374,300395,300547
非银金融,600030,600061,600109,600291,600369,600635,600643,600705,600739,600747,600783,600816,600830,600837,600958,600999,601099,601198,601211,601318,601336,601377,601555,601601,601628,601688,601788,601901,603300,000166,000415,000416,000563,000623,000666,000686,000712,000728,000750,000776,000783,000996,002500,002673,002736,002797,300023
银行,600000,600015,600016,600036,600908,600919,600926,601009,601128,601166,601169,601229,601288,601328,601398,601818,601939,601988,601997,601998,000001,002142,002807
休闲服务,600054,600138,600209,600258,600358,600555,600576,600593,600640,600706,600721,600749,600754,601007,601888,603099,603199,603869,000007,000008,000069,000428,000430,000524,000610,000613,000721,000796,000802,000888,000975,000978,002033,002059,002159,002186,002306,002558,002707,300144,300178
商业贸易,600056,600058,600082,600120,600122,600128,600153,600162,600234,600241,600247,600250,600278,600280,600287,600306,600327,600361,600415,600500,600515,600605,600628,600655,600682,600683,600693,600694,600697,600704,600712,600723,600729,600735,600738,600739,600755,600774,600778,600785,600790,600814,600821,600822,600824,600826,600827,600828,600838,600856,600857,600858,600859,600861,600865,600891,600898,600981,601010,601116,601933,603101,603123,603900,603977,000056,000058,000061,000062,000151,000301,000408,000411,000416,000417,000419,000501,000516,000560,000564
房地产,600007,600048,600052,600053,600064,600067,600076,600077,600082,600094,600095,600113,600136,600149,600157,600158,600159,600162,600173,600175,600185,600193,600208,600215,600223,600225,600239,600240,600246,600247,600266,600275,600322,600325,600340,600376,600381,600383,600393,600463,600466,600490,600503,600533,600555,600565,600568,600576,600603,600604,600606,600614,600615,600620,600621,600622,600634,600638,600639,600641,600647,600648,600649,600657,600658,600663,600665,600675,600679,600683,600684,600687,600696,600708,600716,600724,600733,600734,600736,600743
交通运输,600004,600009,600012,600017,600018,600020,600026,600029,600033,600035,600057,600077,600106,600115,600119,600125,600153,600180,600190,600221,600242,600269,600270,600279,600317,600350,600368,600377,600428,600548,600561,600575,600611,600650,600662,600676,600692,600705,600708,600717,600741,600751,600787,600794,600798,600834,600896,600897,601000,601006,601008,601018,601021,601107,601111,601188,601333,601518,601866,601872,601880,601919,603066,603069,603117,603128,603167,603223,603569,603885,000022,000088,000089,000099,000421,000429,000507,000520,000548,000582
公用事业,600008,600011,600021,600023,600027,600098,600101,600116,600131,600163,600167,600168,600187,600217,600236,600283,600292,600310,600323,600333,600388,600396,600452,600461,600483,600505,600509,600526,600578,600617,600635,600642,600644,600649,600674,600681,600719,600726,600744,600758,600769,600780,600795,600856,600863,600864,600868,600874,600886,600900,600917,600969,600979,600982,600995,601016,601139,601158,601199,601368,601985,601991,603126,603393,603568,603588,000027,000035,000037,000301,000407,000421,000426,000531,000534,000539,000543,000544,000551,000593
医药生物,600055,600056,600062,600079,600080,600085,600129,600161,600195,600196,600200,600201,600211,600216,600222,600223,600226,600252,600267,600272,600276,600277,600285,600297,600329,600332,600351,600380,600385,600420,600421,600422,600436,600466,600479,600488,600490,600511,600513,600518,600521,600529,600530,600535,600538,600556,600557,600566,600568,600572,600587,600594,600613,600645,600664,600666,600671,600706,600713,600721,600750,600763,600767,600771,600773,600781,600789,600796,600803,600812,600829,600833,600851,600866,600867,600869,600976,600993,600998,601607
轻工制造,600069,600076,600086,600103,600135,600163,600187,600210,600235,600308,600337,600356,600401,600419,600433,600439,600462,600567,600599,600612,600681,600793,600836,600963,600966,600978,601515,601968,601996,603008,603021,603022,603268,603313,603398,603600,603816,603818,603838,603898,603899,000026,000030,000488,000526,000576,000587,000592,000659,000663,000812,000815,000820,000833,000910,002012,002014,002047,002067,002071,002078,002084,002094,002102,002103,002117,002120,002174,002191,002228,002229,002235,002240,002243,002247,002259,002263,002292,002301,002303
纺织服装,600070,600107,600137,600152,600156,600177,600220,600232,600233,600272,600273,600295,600370,600398,600400,600448,600483,600493,600510,600626,600630,600689,600735,600745,600757,600851,600884,600987,601339,601566,601599,601718,603001,603116,603518,603555,603558,603608,603808,603889,603958,000018,000045,000158,000301,000518,000529,000611,000681,000726,000779,000810,000813,000850,000902,000955,000971,000982,002003,002029,002034,002036,002042,002044,002070,002072,002083,002087,002098,002127,002144,002154,002193,002239,002269,002291,002293,002327,002394,002397
食品饮料,600059,600073,600084,600090,600132,600186,600191,600197,600199,600238,600298,600300,600305,600365,600381,600429,600519,600543,600559,600573,600597,600600,600616,600702,600735,600779,600809,600866,600872,600873,600887,600962,601579,603020,603027,603031,603198,603288,603369,603589,603696,603777,603779,603866,603919,000019,000557,000568,000576,000596,000716,000729,000752,000796,000799,000833,000848,000858,000860,000869,000895,000911,000929,000995,002216,002220,002286,002304,002329,002330,002387,002461,002481,002495,002507,002515,002557,002568,002570,002582
家用电器,600060,600234,600336,600619,600637,600690,600839,600854,600870,600983,603355,603366,603519,603726,603868,603996,000016,000062,000100,000333,000404,000418,000521,000533,000555,000561,000651,000801,000810,000893,000909,000921,002005,002011,002032,002035,002050,002052,002139,002242,002260,002290,002366,002403,002413,002418,002420,002429,002473,002508,002519,002543,002614,002616,002668,002670,002676,002677,002681,002705,002723,002759,300160,300217,300247,300249,300272,300342,300403,300475
汽车,600006,600066,600081,600093,600099,600104,600148,600166,600178,600213,600297,600303,600335,600418,600480,600482,600523,600609,600653,600660,600676,600679,600686,600698,600699,600715,600741,600742,600805,600877,601127,601238,601258,601311,601633,601689,601777,601799,601965,603006,603009,603023,603085,603158,603166,603306,603377,603528,603701,603766,603788,603997,000017,000025,000030,000338,000550,000559,000572,000581,000622,000625,000678,000700,000710,000753,000757,000760,000800,000868,000887,000903,000913,000927,000951,000957,000980,000996,001696,002048
电子,600071,600074,600083,600171,600183,600203,600206,600207,600237,600261,600288,600360,600363,600366,600460,600563,600584,600602,600621,600651,600654,600666,600667,600703,600707,600800,600817,601231,603005,603160,603328,603515,603633,603678,603738,603936,603986,603989,000020,000045,000049,000050,000058,000062,000068,000070,000413,000532,000536,000541,000555,000636,000670,000697,000701,000722,000725,000727,000733,000806,000823,000925,000970,000988,002005,002008,002025,002036,002045,002049,002055,002056,002076,002079,002106,002119,002129,002134,002137,002138
有色金属,600111,600114,600139,600146,600206,600219,600255,600259,600311,600330,600331,600338,600362,600366,600385,600390,600392,600432,600456,600459,600478,600489,600490,600497,600516,600531,600547,600549,600576,600595,600614,600615,600673,600687,600711,600714,600766,600768,600888,600961,600980,600988,601020,601069,601137,601168,601388,601600,601677,601899,601958,603399,603663,603688,603799,603993,000007,000008,000060,000426,000506,000511,000519,000603,000612,000620,000630,000633,000657,000688,000693,000697,000751,000758,000795,000807,000813,000831,000878,000908
钢铁,600005,600010,600019,600022,600117,600126,600231,600282,600295,600307,600399,600507,600516,600569,600581,600608,600782,600784,600808,600894,601003,601005,000629,000708,000709,000717,000761,000778,000825,000898,000906,000932,000959,002075,002110,002318,002443,002478,002756
化工,600028,600061,600063,600074,600075,600078,600091,600094,600096,600141,600143,600146,600155,600157,600160,600176,600182,600227,600228,600229,600230,600249,600251,600256,600259,600260,600273,600281,600299,600301,600309,600315,600319,600328,600339,600352,600367,600378,600387,600389,600409,600423,600426,600444,600458,600469,600470,600481,600486,600500,600525,600527,600532,600538,600579,600589,600596,600617,600618,600623,600633,600636,600667,600688,600691,600699,600714,600722,600725,600727,600731,600746,600769,600792,600803,600810,600844,600871,600882,600885
采掘,600121,600123,600145,600157,600179,600188,600193,600295,600348,600381,600392,600395,600397,600403,600408,600508,600532,600546,600583,600652,600714,600721,600740,600759,600780,600792,600871,600882,600971,600997,601001,601011,601015,601088,601101,601225,601666,601699,601808,601857,601898,601918,601969,603727,603979,000006,000159,000409,000552,000571,000629,000655,000683,000723,000762,000780,000835,000933,000937,000968,000983,002128,002207,002554,002629,002738,300084,300157,300164,300191,300370
农林牧渔,600093,600097,600108,600127,600180,600189,600191,600195,600201,600225,600226,600242,600248,600251,600257,600265,600275,600298,600311,600313,600354,600359,600371,600438,600467,600506,600537,600538,600540,600559,600598,600695,600703,600737,600844,600962,600965,600975,601118,603336,603566,603609,603718,000034,000048,000061,000576,000592,000626,000639,000663,000672,000702,000713,000735,000798,000860,000876,000893,000911,000918,000930,000972,000998,002041,002069,002086,002100,002124,002143,002157,002173,002200,002220,002234,002286,002299,002310,002311,002321
综合,600051,600053,600067,600083,600095,600110,600113,600119,600133,600136,600149,600151,600158,600175,600193,600200,600207,600209,600212,600234,600260,600275,600277,600419,600421,600551,600556,600576,600603,600608,600614,600617,600620,600622,600624,600634,600647,600652,600661,600691,600701,600708,600724,600730,600733,600759,600770,600777,600783,600784,600805,600811,600817,600818,600846,600851,600883,600884,600892,603060,000007,000008,000009,000010,000018,000030,000040,000055,000068,000151,000409,000421,000507,000509,000529,000546,000547,000551,000593,000611
